Force
  -8.0643e-01   8.9795e+02  -8.0643e-01  -8.9634e+02
  -2.8026e+00            0   2.8026e+00            0
            0            0            0            0
Force norm: 1268.76
Energy: 230.82

Start opt

count 0 Energy: 39.5499
new_point
  -0.0002   0.2123  -0.0002  -3.8119
  -5.0007        0   5.0007        0
        0        0        0        0
Force norm: 266.246
count 1 Energy: -4.41373
new_point
  -0.0015   0.4682  -0.0015  -4.0652
  -5.0044        0   5.0044        0
        0        0        0        0
Force norm: 42.1342
count 2 Energy: -11.1042
new_point
  -1.2329e-02   7.8410e-01  -1.2329e-02  -4.3594e+00
  -5.0295e+00            0   5.0295e+00   4.5686e-14
            0            0            0            0
Force norm: 3.27433
count 3 Energy: -10.8551
count 4 Energy: -11.4479
new_point
  -1.1207e-01   1.0009e+00  -1.1207e-01  -4.3767e+00
  -5.1658e+00  -8.7616e-13   5.1658e+00   4.5686e-14
            0            0            0            0
Force norm: 2.3421
count 5 Energy: -11.6855
new_point
  -2.0609e-01   9.1969e-01  -2.0609e-01  -4.1075e+00
  -5.0509e+00  -8.7616e-13   5.0509e+00   4.5686e-14
            0            0            0            0
Force norm: 4.5695
count 6 Energy: -11.9264
new_point
  -2.8640e-01   1.2382e+00  -2.8640e-01  -4.2654e+00
  -5.0544e+00  -1.5061e-13   5.0544e+00   7.7124e-13
            0            0            0            0
Force norm: 3.20101
count 7 Energy: -12.2901
new_point
  -4.0134e-01   1.0814e+00  -4.0134e-01  -3.8787e+00
  -4.9143e+00  -2.8684e-12   4.9143e+00   7.7124e-13
            0            0            0            0
Force norm: 7.00922
count 8 Energy: -12.5193
new_point
  -5.0247e-01   1.5346e+00  -5.0247e-01  -4.1297e+00
  -4.9364e+00   2.5893e-12   4.9364e+00   7.7124e-13
            0            0            0            0
Force norm: 4.21649
count 9 Energy: -12.2372
count 10 Energy: -13.6819
new_point
  -5.6481e-01   1.3867e+00  -5.6481e-01  -3.8570e+00
  -4.7997e+00  -2.9547e-12   4.7997e+00  -2.0762e-14
            0            0            0            0
Force norm: 2.52743
count 11 Energy: -14.5322
new_point
  -7.5812e-01   1.5684e+00  -7.5812e-01  -3.6521e+00
  -4.7397e+00   5.3988e-12   4.7397e+00  -2.0762e-14
            0            0            0            0
Force norm: 2.00856
count 12 Energy: -14.4047
count 13 Energy: -14.9205
new_point
  -8.5996e-01   1.6722e+00  -8.5996e-01  -3.5523e+00
  -4.5755e+00  -1.2357e-11   4.5755e+00  -4.1183e-12
            0            0            0            0
Force norm: 1.26857
count 14 Energy: -14.611
count 15 Energy: -14.9067
count 16 Energy: -14.9584
new_point
  -8.7803e-01   1.7324e+00  -8.7803e-01  -3.5763e+00
  -4.5866e+00   4.6342e-12   4.5866e+00   8.7917e-13
            0            0            0            0
Force norm: 0.553301
count 17 Energy: -14.9227
count 18 Energy: -14.9655
new_point
  -8.9372e-01   1.7285e+00  -8.9372e-01  -3.5411e+00
  -4.5629e+00  -5.6777e-12   4.5629e+00  -4.2768e-12
            0            0            0            0
Force norm: 0.517988
count 19 Energy: -14.9603
count 20 Energy: -14.971
new_point
  -8.9643e-01   1.7486e+00  -8.9643e-01  -3.5557e+00
  -4.5707e+00   1.3665e-12   4.5707e+00   4.1933e-13
            0            0            0            0
Force norm: 0.139465
count 21 Energy: -14.9605
count 22 Energy: -14.9699
count 23 Energy: -14.9715
new_point
  -8.9844e-01   1.7461e+00  -8.9844e-01  -3.5492e+00
  -4.5660e+00  -1.1990e-12   4.5660e+00  -2.7875e-12
            0            0            0            0
Force norm: 0.0841599
count 24 Energy: -14.9713
count 25 Energy: -14.9716
new_point
  -8.9915e-01   1.7498e+00  -8.9915e-01  -3.5515e+00
  -4.5671e+00  -1.9008e-13   4.5671e+00  -7.6968e-13
            0            0            0            0
Force norm: 0.0287572
count 26 Energy: -14.9713
count 27 Energy: -14.9716
count 28 Energy: -14.9717
new_point
  -8.9959e-01   1.7495e+00  -8.9959e-01  -3.5504e+00
  -4.5661e+00  -1.3660e-12   4.5661e+00  -1.9456e-12
            0            0            0            0
Force norm: 0.0143923
count 29 Energy: -14.9717
count 30 Energy: -14.9717
new_point
  -8.9978e-01   1.7502e+00  -8.9978e-01  -3.5507e+00
  -4.5662e+00   1.5746e-13   4.5662e+00  -4.2215e-13
            0            0            0            0
Force norm: 0.00574534
Total iterations: 31
79(-0.899777, -4.56622, 0)
79(1.75025, 1.5746e-13, 0)
79(-0.899777, 4.56622, 0)
79(-3.55069, -4.22148e-13, 0)
