Force
   -0.6111   23.3811   -0.6111  -22.1589
   -3.2584         0    3.2584         0
         0         0         0         0
Force norm: 32.5526
Energy: -5.27375

Start opt

count 0 Energy: -9.95379
new_point
  -0.0057   0.2177  -0.0057  -4.8063
  -5.0303        0   5.0303        0
        0        0        0        0
Force norm: 5.87367
count 1 Energy: -10.527
new_point
  -6.0328e-02   5.1485e-01  -6.0328e-02  -4.9942e+00
  -5.2355e+00  -6.9921e-13   5.2355e+00   6.9921e-13
            0            0            0            0
Force norm: 2.39515
count 2 Energy: -10.4148
count 3 Energy: -10.877
new_point
  -1.0359e-01   4.1816e-01  -1.0359e-01  -4.8110e+00
  -5.2032e+00   9.3823e-13   5.2032e+00   2.3366e-12
            0            0            0            0
Force norm: 1.13198
count 4 Energy: -11.192
new_point
  -2.3274e-01   5.6256e-01  -2.3274e-01  -4.6971e+00
  -5.1799e+00  -3.1621e-12   5.1799e+00   2.3366e-12
            0            0            0            0
Force norm: 1.38865
count 5 Energy: -11.619
new_point
  -3.8200e-01   6.5004e-01  -3.8200e-01  -4.4861e+00
  -5.1065e+00   1.7810e-11   5.1065e+00   4.4338e-12
            0            0            0            0
Force norm: 2.24026
count 6 Energy: -11.8666
new_point
  -5.1984e-01   9.6580e-01  -5.1984e-01  -4.5261e+00
  -5.0715e+00  -7.3249e-11   5.0715e+00   4.4338e-12
            0            0            0            0
Force norm: 3.14631
count 7 Energy: -12.1391
new_point
  -6.3367e-01   8.0688e-01  -6.3367e-01  -4.1395e+00
  -4.9251e+00   1.8164e-10   4.9251e+00   2.5530e-13
            0            0            0            0
Force norm: 7.47299
count 8 Energy: -12.4266
new_point
  -7.2778e-01   1.2570e+00  -7.2778e-01  -4.4014e+00
  -4.9487e+00  -3.1950e-10   4.9487e+00  -1.0625e-11
            0            0            0            0
Force norm: 4.13004
count 9 Energy: -12.1603
count 10 Energy: -13.5567
new_point
  -7.9205e-01   1.1121e+00  -7.9205e-01  -4.1280e+00
  -4.8171e+00   1.9303e-10   4.8171e+00  -2.5841e-11
            0            0            0            0
Force norm: 2.52961
count 11 Energy: -14.423
new_point
  -9.8546e-01   1.2974e+00  -9.8546e-01  -3.9265e+00
  -4.7609e+00  -7.3771e-10   4.7609e+00  -3.1389e-11
            0            0            0            0
Force norm: 2.15122
count 12 Energy: -14.4621
new_point
  -1.1917e+00   1.4825e+00  -1.1917e+00  -3.6990e+00
  -4.4325e+00   3.6452e-09   4.4325e+00   2.7159e-10
            0            0            0            0
Force norm: 5.49758
count 13 Energy: -12.8805
count 14 Energy: -14.616
new_point
  -1.1533e+00   1.6334e+00  -1.1533e+00  -3.9269e+00
  -4.6231e+00  -3.7129e-09   4.6231e+00  -2.6928e-09
            0            0            0            0
Force norm: 3.19301
count 15 Energy: -14.3873
count 16 Energy: -14.9676
new_point
  -1.1521e+00   1.5141e+00  -1.1521e+00  -3.8098e+00
  -4.5455e+00  -4.4798e-10   4.5455e+00  -1.0535e-10
            0            0            0            0
Force norm: 0.246682
count 17 Energy: -14.842
count 18 Energy: -14.9485
count 19 Energy: -14.9693
new_point
  -1.1482e+00   1.4968e+00  -1.1482e+00  -3.8004e+00
  -4.5810e+00   1.9942e-09   4.5810e+00   4.3301e-10
            0            0            0            0
Force norm: 0.243073
count 20 Energy: -14.9474
count 21 Energy: -14.9681
count 22 Energy: -14.9711
new_point
  -1.1491e+00   1.4933e+00  -1.1491e+00  -3.7951e+00
  -4.5704e+00  -5.7787e-10   4.5704e+00  -7.0407e-10
            0            0            0            0
Force norm: 0.126918
count 23 Energy: -14.9705
count 24 Energy: -14.9715
new_point
  -1.1496e+00   1.5001e+00  -1.1496e+00  -3.8009e+00
  -4.5698e+00   5.3833e-10   4.5698e+00   3.4428e-10
            0            0            0            0
Force norm: 0.0739388
count 25 Energy: -14.9709
count 26 Energy: -14.9716
new_point
  -1.1499e+00   1.4981e+00  -1.1499e+00  -3.7984e+00
  -4.5660e+00  -3.5830e-10   4.5660e+00  -5.2876e-10
            0            0            0            0
Force norm: 0.0635319
count 27 Energy: -14.9715
count 28 Energy: -14.9717
new_point
  -1.1499e+00   1.5005e+00  -1.1499e+00  -3.8006e+00
  -4.5668e+00   2.1910e-10   4.5668e+00   4.0413e-11
            0            0            0            0
Force norm: 0.0170336
count 29 Energy: -14.9715
count 30 Energy: -14.9716
count 31 Energy: -14.9717
new_point
  -1.1500e+00   1.5001e+00  -1.1500e+00  -3.8001e+00
  -4.5661e+00   1.1716e-11   4.5661e+00  -1.6877e-10
            0            0            0            0
Force norm: 0.00907026
Total iterations: 32
79(-1.14997, -4.56611, 0)
79(1.50007, 1.17162e-11, 0)
79(-1.14997, 4.56611, 0)
79(-3.80013, -1.68769e-10, 0)
