Force
  -0.0572  -1.9681  -0.0572   2.0825
   2.1325        0  -2.1325        0
        0        0        0        0
Force norm: 4.16074
Energy: -7.69935

Start opt

count 0 Energy: -9.56779
new_point
  -0.0057   3.8042  -0.0057  -3.3928
  -4.7879        0   4.7879        0
        0        0        0        0
Force norm: 4.82527
count 1 Energy: -12.059
new_point
  -4.6613e-03   3.5520e+00  -4.6613e-03  -3.1427e+00
  -4.5333e+00  -9.3099e-13   4.5333e+00            0
            0            0            0            0
Force norm: 4.77107
count 2 Energy: -13.961
new_point
   2.9486e-02   3.2162e+00   2.9486e-02  -2.8752e+00
  -4.2674e+00   1.3531e-13   4.2674e+00   1.0663e-12
            0            0            0            0
Force norm: 2.28358
count 3 Energy: -14.2523
new_point
   2.4031e-01   2.7921e+00   2.4031e-01  -2.8727e+00
  -4.4178e+00   2.3149e-12   4.4178e+00  -7.6520e-12
            0            0            0            0
Force norm: 3.43262
count 4 Energy: -14.5995
new_point
  -5.1748e-02   2.9329e+00  -5.1748e-02  -2.4294e+00
  -4.6335e+00   5.2226e-13   4.6335e+00   8.4816e-12
            0            0            0            0
Force norm: 2.20039
count 5 Energy: -12.1864
count 6 Energy: -14.7439
new_point
   1.1118e-01   2.6412e+00   1.1118e-01  -2.4636e+00
  -4.5642e+00  -2.5932e-12   4.5642e+00  -3.3577e-11
            0            0            0            0
Force norm: 3.78017
count 7 Energy: -14.1138
count 8 Energy: -14.8565
new_point
   1.0505e-01   2.8055e+00   1.0505e-01  -2.6156e+00
  -4.6117e+00   1.4439e-11   4.6117e+00   1.2576e-11
            0            0            0            0
Force norm: 2.03039
count 9 Energy: -14.2473
count 10 Energy: -14.9316
new_point
   1.0246e-01   2.7131e+00   1.0246e-01  -2.5181e+00
  -4.5454e+00  -5.6360e-12   4.5454e+00  -8.2167e-12
            0            0            0            0
Force norm: 1.44549
count 11 Energy: -14.8077
count 12 Energy: -14.9575
new_point
   1.0106e-01   2.7715e+00   1.0106e-01  -2.5736e+00
  -4.5786e+00   5.8343e-12   4.5786e+00   9.5954e-13
            0            0            0            0
Force norm: 0.768871
count 13 Energy: -14.8961
count 14 Energy: -14.9666
new_point
   1.0048e-01   2.7379e+00   1.0048e-01  -2.5388e+00
  -4.5574e+00  -2.0558e-12   4.5574e+00  -4.9580e-12
            0            0            0            0
Force norm: 0.493944
count 15 Energy: -14.947
count 16 Energy: -14.9696
new_point
   1.0020e-01   2.7587e+00   1.0020e-01  -2.5591e+00
  -4.5705e+00   2.8930e-12   4.5705e+00  -1.2464e-12
            0            0            0            0
Force norm: 0.29923
count 17 Energy: -14.963
count 18 Energy: -14.9711
new_point
   1.0010e-01   2.7465e+00   1.0010e-01  -2.5467e+00
  -4.5631e+00   4.8206e-13   4.5631e+00  -2.4519e-12
            0            0            0            0
Force norm: 0.157518
count 19 Energy: -14.968
count 20 Energy: -14.9713
new_point
   1.0004e-01   2.7539e+00   1.0004e-01  -2.5540e+00
  -4.5679e+00   1.8859e-12   4.5679e+00  -2.4519e-12
            0            0            0            0
Force norm: 0.126343
count 21 Energy: -14.9707
count 22 Energy: -14.9716
new_point
   1.0002e-01   2.7495e+00   1.0002e-01  -2.5495e+00
  -4.5652e+00   8.5633e-13   4.5652e+00  -1.9371e-12
            0            0            0            0
Force norm: 0.0391809
count 23 Energy: -14.9711
count 24 Energy: -14.9716
count 25 Energy: -14.9717
new_point
   1.0001e-01   2.7508e+00   1.0001e-01  -2.5509e+00
  -4.5661e+00   1.8756e-12   4.5661e+00  -9.1788e-13
            0            0            0            0
Force norm: 0.0120981
count 26 Energy: -14.9716
count 27 Energy: -14.9717
count 28 Energy: -14.9717
new_point
   1.0001e-01   2.7505e+00   1.0001e-01  -2.5505e+00
  -4.5659e+00   9.2926e-13   4.5659e+00  -2.8105e-12
            0            0            0            0
Force norm: 0.00258309
Total iterations: 29
79(0.100006, -4.56586, 0)
79(2.75045, 9.29256e-13, 0)
79(0.100006, 4.56586, 0)
79(-2.55047, -2.81051e-12, 0)
